#
# Filename : /home/foohm/BAP/SOLVER/EXPT/temp_ves.tmp
# Date of creation : Sat Aug 22 04:18:01 1998
# Created using : BAP System Version 1.0
# Parameters : NIL
# Input File : ves-new.dat
#

_NUM_VES 
97

_WINDOW
84

_TRGT_ABD 
0

_REAL_ABD
0.392381

# Vessel Data 
# <vessel id> <class> <length> <width> <draft> 

_VESSEL
0 5 Port Null 0 0 0
1 1 ves2 voy2 147 0 0
2 1 ves3 voy3 145 0 0
3 0 ves4 voy4 68 0 0
4 0 ves5 voy5 73 0 0
5 0 ves6 voy6 69 0 0
6 0 ves7 voy7 76 0 0
7 0 ves8 voy8 64 0 0
8 0 ves9 voy9 70 0 0
9 0 ves10 voy10 70 0 0
10 0 ves11 voy11 63 0 0
11 0 ves12 voy12 65 0 0
12 0 ves13 voy13 75 0 0
13 0 ves14 voy14 74 0 0
14 0 ves15 voy15 64 0 0
15 0 ves16 voy16 74 0 0
16 1 ves17 voy17 150 0 0
17 0 ves18 voy18 73 0 0
18 0 ves19 voy19 67 0 0
19 0 ves20 voy20 71 0 0
20 0 ves21 voy21 70 0 0
21 1 ves22 voy22 149 0 0
22 0 ves23 voy23 64 0 0
23 0 ves24 voy24 63 0 0
24 0 ves25 voy25 71 0 0
25 1 ves26 voy26 148 0 0
26 0 ves27 voy27 66 0 0
27 0 ves28 voy28 70 0 0
28 0 ves29 voy29 73 0 0
29 1 ves30 voy30 144 0 0
30 0 ves31 voy31 71 0 0
31 1 ves32 voy32 137 0 0
32 0 ves33 voy33 73 0 0
33 0 ves34 voy34 67 0 0
34 1 ves35 voy35 154 0 0
35 0 ves36 voy36 68 0 0
36 1 ves37 voy37 158 0 0
37 0 ves38 voy38 64 0 0
38 1 ves39 voy39 152 0 0
39 1 ves40 voy40 154 0 0
40 0 ves41 voy41 70 0 0
41 1 ves42 voy42 152 0 0
42 0 ves43 voy43 65 0 0
43 0 ves44 voy44 70 0 0
44 1 ves45 voy45 138 0 0
45 0 ves46 voy46 65 0 0
46 0 ves47 voy47 63 0 0
47 0 ves48 voy48 71 0 0
48 1 ves49 voy49 139 0 0
49 1 ves2 voy2 155 0 0
50 1 ves3 voy3 137 0 0
51 0 ves4 voy4 70 0 0
52 0 ves5 voy5 72 0 0
53 0 ves6 voy6 76 0 0
54 0 ves7 voy7 70 0 0
55 0 ves8 voy8 64 0 0
56 0 ves9 voy9 76 0 0
57 0 ves10 voy10 72 0 0
58 0 ves11 voy11 74 0 0
59 0 ves12 voy12 72 0 0
60 0 ves13 voy13 64 0 0
61 0 ves14 voy14 75 0 0
62 0 ves15 voy15 76 0 0
63 0 ves16 voy16 73 0 0
64 1 ves17 voy17 157 0 0
65 0 ves18 voy18 66 0 0
66 0 ves19 voy19 74 0 0
67 0 ves20 voy20 69 0 0
68 0 ves21 voy21 67 0 0
69 1 ves22 voy22 157 0 0
70 0 ves23 voy23 66 0 0
71 0 ves24 voy24 67 0 0
72 0 ves25 voy25 63 0 0
73 1 ves26 voy26 151 0 0
74 0 ves27 voy27 74 0 0
75 0 ves28 voy28 67 0 0
76 0 ves29 voy29 68 0 0
77 1 ves30 voy30 154 0 0
78 0 ves31 voy31 70 0 0
79 1 ves32 voy32 142 0 0
80 0 ves33 voy33 74 0 0
81 0 ves34 voy34 70 0 0
82 1 ves35 voy35 155 0 0
83 0 ves36 voy36 75 0 0
84 1 ves37 voy37 137 0 0
85 0 ves38 voy38 74 0 0
86 1 ves39 voy39 154 0 0
87 1 ves40 voy40 158 0 0
88 0 ves41 voy41 73 0 0
89 1 ves42 voy42 163 0 0
90 0 ves43 voy43 69 0 0
91 0 ves44 voy44 75 0 0
92 1 ves45 voy45 152 0 0
93 0 ves46 voy46 66 0 0
94 0 ves47 voy47 76 0 0
95 0 ves48 voy48 71 0 0
96 1 ves49 voy49 140 0 0

# Vessel Schedule
# <vessel id> <arrival> <departure> <duration> <delay>

_VES_SCHEDULE
0 1 85 84 0
1 16 21 5 0
2 37 42 5 0
3 31 34 3 0
4 43 45 2 0
5 39 43 4 0
6 44 47 3 0
7 30 33 3 0
8 59 61 2 0
9 1 4 3 0
10 33 36 3 0
11 41 44 3 0
12 45 48 3 0
13 57 61 4 0
14 52 55 3 0
15 52 55 3 0
16 62 69 7 0
17 74 77 3 0
18 77 79 2 0
19 15 18 3 0
20 1 4 3 0
21 56 61 5 0
22 79 82 3 0
23 55 58 3 0
24 67 70 3 0
25 40 45 5 0
26 15 18 3 0
27 80 84 4 0
28 36 39 3 0
29 40 46 6 0
30 36 38 2 0
31 44 51 7 0
32 3 7 4 0
33 43 46 3 0
34 6 12 6 0
35 75 78 3 0
36 8 13 5 0
37 75 78 3 0
38 49 55 6 0
39 26 31 5 0
40 4 7 3 0
41 34 41 7 0
42 66 69 3 0
43 28 31 3 0
44 26 33 7 0
45 9 12 3 0
46 54 58 4 0
47 21 24 3 0
48 12 18 6 0
49 75 80 5 0
50 10 17 7 0
51 75 78 3 0
52 22 26 4 0
53 81 84 3 0
54 59 62 3 0
55 23 26 3 0
56 54 57 3 0
57 75 78 3 0
58 52 55 3 0
59 29 31 2 0
60 49 52 3 0
61 38 41 3 0
62 13 16 3 0
63 33 35 2 0
64 78 83 5 0
65 60 64 4 0
66 25 28 3 0
67 11 14 3 0
68 30 33 3 0
69 41 48 7 0
70 12 15 3 0
71 19 21 2 0
72 31 35 4 0
73 26 33 7 0
74 69 72 3 0
75 25 28 3 0
76 59 62 3 0
77 36 41 5 0
78 3 7 4 0
79 11 18 7 0
80 22 25 3 0
81 11 15 4 0
82 66 73 7 0
83 36 39 3 0
84 51 58 7 0
85 65 68 3 0
86 51 58 7 0
87 75 80 5 0
88 79 82 3 0
89 15 22 7 0
90 19 21 2 0
91 72 75 3 0
92 51 56 5 0
93 29 31 2 0
94 45 49 4 0
95 51 54 3 0
96 56 62 6 0
